  Date      JD       AppGST       EOT         AppRA         AppDec         Dist       AngDiam  HelLong  HelLat  PAAxis
  Jan 01    7754.5   06:43:21.3   -03:26.3    18 46 47.19   -22 59 56.4    0.983338   1951.8   123.6   -3.0    2.0
  Jan 02    7755.5   06:47:17.9   -03:54.5    18 51 11.98   -22 54 46.9    0.983325   1951.8   110.4   -3.1    1.5
  Jan 03    7756.5   06:51:14.4   -04:22.4    18 55 36.41   -22 49 10.0    0.983315   1951.8    97.2   -3.3    1.0
  Jan 04    7757.5   06:55:11.0   -04:49.9    19 00 00.45   -22 43 06.0    0.983310   1951.8    84.1   -3.4    0.5
  Jan 05    7758.5   06:59:07.5   -05:16.9    19 04 24.05   -22 36 34.8    0.983310   1951.8    70.9   -3.5    0.0
  Jan 06    7759.5   07:03:04.1   -05:43.5    19 08 47.20   -22 29 36.9    0.983314   1951.8    57.7   -3.6   -0.5
  Jan 07    7760.5   07:07:00.6   -06:09.6    19 13 09.86   -22 22 12.3    0.983324   1951.8    44.6   -3.7   -0.9
  Jan 08    7761.5   07:10:57.2   -06:35.2    19 17 32.02   -22 14 21.2    0.983339   1951.8    31.4   -3.8   -1.4
  Jan 09    7762.5   07:14:53.7   -07:00.3    19 21 53.64   -22 06 04.0    0.983360   1951.7    18.2   -3.9   -1.9
  Jan 10    7763.5   07:18:50.3   -07:24.8    19 26 14.71   -21 57 20.9    0.983387   1951.7     5.0   -4.0   -2.4
  Jan 11    7764.5   07:22:46.8   -07:48.7    19 30 35.20   -21 48 12.0    0.983420   1951.6   351.9   -4.1   -2.9
  Jan 12    7765.5   07:26:43.4   -08:12.1    19 34 55.10   -21 38 37.8    0.983460   1951.5   338.7   -4.3   -3.3
  Jan 13    7766.5   07:30:40.0   -08:34.8    19 39 14.38   -21 28 38.4    0.983506   1951.4   325.5   -4.4   -3.8
  Jan 14    7767.5   07:34:36.5   -08:56.9    19 43 33.04   -21 18 14.1    0.983559   1951.3   312.4   -4.5   -4.3
  Jan 15    7768.5   07:38:33.1   -09:18.3    19 47 51.04   -21 07 25.2    0.983619   1951.2   299.2   -4.6   -4.7
  Jan 16    7769.5   07:42:29.6   -09:39.1    19 52 08.38   -20 56 12.1    0.983684   1951.1   286.0   -4.7   -5.2
  Jan 17    7770.5   07:46:26.2   -09:59.2    19 56 25.06   -20 44 34.9    0.983756   1951.0   272.9   -4.8   -5.7
  Jan 18    7771.5   07:50:22.7   -10:18.7    20 00 41.04   -20 32 34.1    0.983833   1950.8   259.7   -4.9   -6.1
  Jan 19    7772.5   07:54:19.3   -10:37.4    20 04 56.33   -20 20 09.8    0.983915   1950.6   246.5   -4.9   -6.6
  Jan 20    7773.5   07:58:15.8   -10:55.4    20 09 10.90   -20 07 22.6    0.984003   1950.5   233.4   -5.0   -7.0
  Jan 21    7774.5   08:02:12.4   -11:12.7    20 13 24.74   -19 54 12.7    0.984096   1950.3   220.2   -5.1   -7.5
  Jan 22    7775.5   08:06:09.0   -11:29.3    20 17 37.85   -19 40 40.4    0.984193   1950.1   207.0   -5.2   -7.9
  Jan 23    7776.5   08:10:05.5   -11:45.1    20 21 50.20   -19 26 46.2    0.984294   1949.9   193.9   -5.3   -8.4
  Jan 24    7777.5   08:14:02.1   -12:00.1    20 26 01.80   -19 12 30.4    0.984400   1949.7   180.7   -5.4   -8.8
  Jan 25    7778.5   08:17:58.6   -12:14.4    20 30 12.62   -18 57 53.4    0.984509   1949.5   167.5   -5.5   -9.3
  Jan 26    7779.5   08:21:55.2   -12:27.8    20 34 22.66   -18 42 55.5    0.984623   1949.2   154.4   -5.6   -9.7
  Jan 27    7780.5   08:25:51.7   -12:40.5    20 38 31.90   -18 27 37.2    0.984739   1949.0   141.2   -5.6  -10.1
  Jan 28    7781.5   08:29:48.3   -12:52.4    20 42 40.34   -18 11 58.8    0.984859   1948.8   128.0   -5.7  -10.6
  Jan 29    7782.5   08:33:44.8   -13:03.5    20 46 47.97   -17 56 00.8    0.984983   1948.5   114.9   -5.8  -11.0
  Jan 30    7783.5   08:37:41.4   -13:13.7    20 50 54.78   -17 39 43.6    0.985109   1948.3   101.7   -5.9  -11.4
  Jan 31    7784.5   08:41:38.0   -13:23.1    20 55 00.75   -17 23 07.5    0.985239   1948.0    88.5   -6.0  -11.8
  Feb 01    7785.5   08:45:34.5   -13:31.7    20 59 05.90   -17 06 12.9    0.985372   1947.8    75.4   -6.0  -12.2
  Feb 02    7786.5   08:49:31.1   -13:39.5    21 03 10.21   -16 49 00.3    0.985509   1947.5    62.2   -6.1  -12.6
  Feb 03    7787.5   08:53:27.6   -13:46.4    21 07 13.70   -16 31 30.1    0.985649   1947.2    49.0   -6.2  -13.0
  Feb 04    7788.5   08:57:24.2   -13:52.5    21 11 16.35   -16 13 42.7    0.985793   1946.9    35.9   -6.2  -13.4
  Feb 05    7789.5   09:01:20.7   -13:57.8    21 15 18.16   -15 55 38.4    0.985942   1946.6    22.7   -6.3  -13.8
  Feb 06    7790.5   09:05:17.3   -14:02.2    21 19 19.16   -15 37 17.9    0.986095   1946.3     9.5   -6.4  -14.2
  Feb 07    7791.5   09:09:13.8   -14:05.9    21 23 19.34   -15 18 41.3    0.986253   1946.0   356.4   -6.4  -14.6
  Feb 08    7792.5   09:13:10.4   -14:08.7    21 27 18.69   -14 59 49.2    0.986415   1945.7   343.2   -6.5  -15.0
  Feb 09    7793.5   09:17:07.0   -14:10.7    21 31 17.25   -14 40 42.0    0.986584   1945.4   330.0   -6.5  -15.3
  Feb 10    7794.5   09:21:03.5   -14:11.9    21 35 15.01   -14 21 20.1    0.986757   1945.0   316.9   -6.6  -15.7
  Feb 11    7795.5   09:25:00.1   -14:12.3    21 39 11.99   -14 01 43.9    0.986936   1944.7   303.7   -6.6  -16.1
  Feb 12    7796.5   09:28:56.6   -14:11.9    21 43 08.21   -13 41 53.7    0.987120   1944.3   290.5   -6.7  -16.4
  Feb 13    7797.5   09:32:53.2   -14:10.9    21 47 03.66   -13 21 50.0    0.987310   1943.9   277.4   -6.7  -16.8
  Feb 14    7798.5   09:36:49.7   -14:09.0    21 50 58.39   -13 01 33.2    0.987505   1943.5   264.2   -6.8  -17.1
  Feb 15    7799.5   09:40:46.3   -14:06.5    21 54 52.38   -12 41 03.7    0.987704   1943.2   251.0   -6.8  -17.4
  Feb 16    7800.5   09:44:42.8   -14:03.2    21 58 45.66   -12 20 21.8    0.987908   1942.8   237.9   -6.9  -17.8
  Feb 17    7801.5   09:48:39.4   -13:59.2    22 02 38.26   -11 59 28.0    0.988116   1942.3   224.7   -6.9  -18.1
  Feb 18    7802.5   09:52:36.0   -13:54.6    22 06 30.17   -11 38 22.8    0.988328   1941.9   211.5   -7.0  -18.4
  Feb 19    7803.5   09:56:32.5   -13:49.3    22 10 21.41   -11 17 06.4    0.988544   1941.5   198.4   -7.0  -18.7
  Feb 20    7804.5   10:00:29.1   -13:43.3    22 14 12.01   -10 55 39.3    0.988764   1941.1   185.2   -7.0  -19.0
  Feb 21    7805.5   10:04:25.6   -13:36.7    22 18 01.96   -10 34 01.9    0.988986   1940.6   172.0   -7.0  -19.3
  Feb 22    7806.5   10:08:22.2   -13:29.5    22 21 51.29   -10 12 14.7    0.989211   1940.2   158.9   -7.1  -19.6
  Feb 23    7807.5   10:12:18.7   -13:21.7    22 25 40.01   -09 50 18.1    0.989439   1939.8   145.7   -7.1  -19.9
  Feb 24    7808.5   10:16:15.3   -13:13.2    22 29 28.13   -09 28 12.4    0.989668   1939.3   132.5   -7.1  -20.2
  Feb 25    7809.5   10:20:11.8   -13:04.2    22 33 15.66   -09 05 58.1    0.989900   1938.8   119.3   -7.2  -20.5
  Feb 26    7810.5   10:24:08.4   -12:54.6    22 37 02.62   -08 43 35.7    0.990134   1938.4   106.2   -7.2  -20.8
  Feb 27    7811.5   10:28:05.0   -12:44.5    22 40 49.02   -08 21 05.4    0.990369   1937.9    93.0   -7.2  -21.0
  Feb 28    7812.5   10:32:01.5   -12:33.8    22 44 34.86   -07 58 27.8    0.990605   1937.5    79.8   -7.2  -21.3
  Mar 01    7813.5   10:35:58.1   -12:22.5    22 48 20.18   -07 35 43.3    0.990843   1937.0    66.7   -7.2  -21.5
  Mar 02    7814.5   10:39:54.6   -12:10.8    22 52 04.98   -07 12 52.2    0.991082   1936.5    53.5   -7.2  -21.8
  Mar 03    7815.5   10:43:51.2   -11:58.5    22 55 49.28   -06 49 54.9    0.991323   1936.1    40.3   -7.2  -22.0
  Mar 04    7816.5   10:47:47.7   -11:45.8    22 59 33.08   -06 26 52.0    0.991565   1935.6    27.1   -7.2  -22.3
  Mar 05    7817.5   10:51:44.3   -11:32.6    23 03 16.43   -06 03 43.7    0.991810   1935.1    14.0   -7.2  -22.5
  Mar 06    7818.5   10:55:40.8   -11:18.9    23 06 59.32   -05 40 30.5    0.992056   1934.6     0.8   -7.2  -22.7
  Mar 07    7819.5   10:59:37.4   -11:04.8    23 10 41.77   -05 17 12.9    0.992305   1934.1   347.6   -7.2  -22.9
  Mar 08    7820.5   11:03:33.9   -10:50.3    23 14 23.82   -04 53 51.0    0.992557   1933.7   334.4   -7.2  -23.1
  Mar 09    7821.5   11:07:30.5   -10:35.4    23 18 05.47   -04 30 25.5    0.992812   1933.2   321.3   -7.2  -23.4
  Mar 10    7822.5   11:11:27.1   -10:20.1    23 21 46.75   -04 06 56.6    0.993070   1932.7   308.1   -7.2  -23.5
  Mar 11    7823.5   11:15:23.6   -10:04.5    23 25 27.68   -03 43 24.6    0.993331   1932.1   294.9   -7.2  -23.7
  Mar 12    7824.5   11:19:20.2   -09:48.6    23 29 08.30   -03 19 50.1    0.993596   1931.6   281.7   -7.2  -23.9
  Mar 13    7825.5   11:23:16.7   -09:32.3    23 32 48.61   -02 56 13.2    0.993863   1931.1   268.5   -7.2  -24.1
  Mar 14    7826.5   11:27:13.3   -09:15.8    23 36 28.64   -02 32 34.4    0.994134   1930.6   255.4   -7.2  -24.3
  Mar 15    7827.5   11:31:09.8   -08:59.1    23 40 08.43   -02 08 54.1    0.994408   1930.1   242.2   -7.2  -24.4
  Mar 16    7828.5   11:35:06.4   -08:42.1    23 43 48.00   -01 45 12.5    0.994684   1929.5   229.0   -7.1  -24.6
  Mar 17    7829.5   11:39:02.9   -08:24.9    23 47 27.36   -01 21 30.0    0.994963   1929.0   215.8   -7.1  -24.7
  Mar 18    7830.5   11:42:59.5   -08:07.5    23 51 06.55   -00 57 47.0    0.995244   1928.4   202.6   -7.1  -24.9
  Mar 19    7831.5   11:46:56.1   -07:50.0    23 54 45.58   -00 34 03.8    0.995527   1927.9   189.5   -7.1  -25.0
  Mar 20    7832.5   11:50:52.6   -07:32.3    23 58 24.47   -00 10 20.9    0.995812   1927.3   176.3   -7.0  -25.1
  Mar 21    7833.5   11:54:49.2   -07:14.6    00 02 03.25   +00 13 21.6    0.996098   1926.8   163.1   -7.0  -25.3
  Mar 22    7834.5   11:58:45.7   -06:56.7    00 05 41.94   +00 37 03.1    0.996385   1926.2   149.9   -7.0  -25.4
  Mar 23    7835.5   12:02:42.3   -06:38.8    00 09 20.55   +01 00 43.3    0.996673   1925.7   136.7   -6.9  -25.5
  Mar 24    7836.5   12:06:38.8   -06:20.8    00 12 59.11   +01 24 21.8    0.996961   1925.1   123.5   -6.9  -25.6
  Mar 25    7837.5   12:10:35.4   -06:02.7    00 16 37.63   +01 47 58.4    0.997249   1924.6   110.4   -6.9  -25.7
  Mar 26    7838.5   12:14:31.9   -05:44.7    00 20 16.13   +02 11 32.6    0.997536   1924.0    97.2   -6.8  -25.8
  Mar 27    7839.5   12:18:28.5   -05:26.6    00 23 54.62   +02 35 04.0    0.997823   1923.5    84.0   -6.8  -25.9
  Mar 28    7840.5   12:22:25.1   -05:08.6    00 27 33.13   +02 58 32.3    0.998110   1922.9    70.8   -6.7  -25.9
  Mar 29    7841.5   12:26:21.6   -04:50.6    00 31 11.67   +03 21 57.1    0.998395   1922.4    57.6   -6.7  -26.0
  Mar 30    7842.5   12:30:18.2   -04:32.6    00 34 50.25   +03 45 18.1    0.998679   1921.8    44.4   -6.6  -26.1
  Mar 31    7843.5   12:34:14.7   -04:14.7    00 38 28.90   +04 08 34.8    0.998962   1921.3    31.2   -6.6  -26.1
  Apr 01    7844.5   12:38:11.3   -03:56.9    00 42 07.63   +04 31 47.0    0.999244   1920.7    18.0   -6.5  -26.1
  Apr 02    7845.5   12:42:07.8   -03:39.1    00 45 46.45   +04 54 54.2    0.999525   1920.2     4.8   -6.5  -26.2
  Apr 03    7846.5   12:46:04.4   -03:21.5    00 49 25.37   +05 17 56.1    0.999805   1919.6   351.6   -6.4  -26.2
  Apr 04    7847.5   12:50:00.9   -03:04.0    00 53 04.43   +05 40 52.2    1.000086   1919.1   338.4   -6.4  -26.2
  Apr 05    7848.5   12:53:57.5   -02:46.6    00 56 43.63   +06 03 42.3    1.000366   1918.6   325.3   -6.3  -26.3
  Apr 06    7849.5   12:57:54.1   -02:29.4    01 00 22.99   +06 26 26.1    1.000647   1918.0   312.1   -6.3  -26.3
  Apr 07    7850.5   13:01:50.6   -02:12.4    01 04 02.53   +06 49 03.0    1.000927   1917.5   298.9   -6.2  -26.3
  Apr 08    7851.5   13:05:47.2   -01:55.6    01 07 42.27   +07 11 32.9    1.001209   1916.9   285.7   -6.1  -26.3
  Apr 09    7852.5   13:09:43.7   -01:39.1    01 11 22.24   +07 33 55.4    1.001491   1916.4   272.5   -6.1  -26.2
  Apr 10    7853.5   13:13:40.3   -01:22.7    01 15 02.45   +07 56 10.2    1.001774   1915.9   259.3   -6.0  -26.2
  Apr 11    7854.5   13:17:36.8   -01:06.7    01 18 42.93   +08 18 16.9    1.002057   1915.3   246.1   -5.9  -26.2
  Apr 12    7855.5   13:21:33.4   -00:50.9    01 22 23.70   +08 40 15.3    1.002341   1914.8   232.9   -5.8  -26.2
  Apr 13    7856.5   13:25:29.9   -00:35.4    01 26 04.78   +09 02 05.0    1.002626   1914.2   219.7   -5.8  -26.1
  Apr 14    7857.5   13:29:26.5   -00:20.3    01 29 46.19   +09 23 45.7    1.002911   1913.7   206.5   -5.7  -26.1
  Apr 15    7858.5   13:33:23.1   -00:05.5    01 33 27.95   +09 45 17.0    1.003196   1913.1   193.3   -5.6  -26.0
  Apr 16    7859.5   13:37:19.6   +00:09.0    01 37 10.07   +10 06 38.8    1.003480   1912.6   180.0   -5.5  -25.9
  Apr 17    7860.5   13:41:16.2   +00:23.0    01 40 52.57   +10 27 50.5    1.003765   1912.1   166.8   -5.5  -25.9
  Apr 18    7861.5   13:45:12.7   +00:36.7    01 44 35.47   +10 48 52.0    1.004049   1911.5   153.6   -5.4  -25.8
  Apr 19    7862.5   13:49:09.3   +00:49.9    01 48 18.78   +11 09 42.8    1.004332   1911.0   140.4   -5.3  -25.7
  Apr 20    7863.5   13:53:05.8   +01:02.7    01 52 02.52   +11 30 22.7    1.004613   1910.4   127.2   -5.2  -25.6
  Apr 21    7864.5   13:57:02.4   +01:15.1    01 55 46.69   +11 50 51.3    1.004894   1909.9   114.0   -5.1  -25.5
  Apr 22    7865.5   14:00:58.9   +01:27.0    01 59 31.32   +12 11 08.3    1.005172   1909.4   100.8   -5.0  -25.4
  Apr 23    7866.5   14:04:55.5   +01:38.5    02 03 16.41   +12 31 13.3    1.005448   1908.9    87.6   -4.9  -25.3
  Apr 24    7867.5   14:08:52.1   +01:49.5    02 07 01.98   +12 51 06.0    1.005721   1908.3    74.4   -4.8  -25.2
  Apr 25    7868.5   14:12:48.6   +02:00.0    02 10 48.03   +13 10 46.1    1.005992   1907.8    61.2   -4.8  -25.0
  Apr 26    7869.5   14:16:45.2   +02:10.0    02 14 34.56   +13 30 13.2    1.006259   1907.3    48.0   -4.7  -24.9
  Apr 27    7870.5   14:20:41.7   +02:19.5    02 18 21.60   +13 49 27.0    1.006522   1906.8    34.8   -4.6  -24.8
  Apr 28    7871.5   14:24:38.3   +02:28.5    02 22 09.15   +14 08 27.2    1.006782   1906.3    21.5   -4.5  -24.6
  Apr 29    7872.5   14:28:34.8   +02:37.0    02 25 57.20   +14 27 13.4    1.007039   1905.8     8.3   -4.4  -24.4
  Apr 30    7873.5   14:32:31.4   +02:45.0    02 29 45.75   +14 45 45.2    1.007292   1905.4   355.1   -4.3  -24.3
  May 01    7874.5   14:36:27.9   +02:52.5    02 33 34.83   +15 04 02.4    1.007542   1904.9   341.9   -4.2  -24.1
  May 02    7875.5   14:40:24.5   +02:59.5    02 37 24.41   +15 22 04.6    1.007789   1904.4   328.7   -4.1  -23.9
  May 03    7876.5   14:44:21.1   +03:05.9    02 41 14.52   +15 39 51.4    1.008033   1904.0   315.5   -4.0  -23.7
  May 04    7877.5   14:48:17.6   +03:11.9    02 45 05.15   +15 57 22.6    1.008275   1903.5   302.2   -3.9  -23.5
  May 05    7878.5   14:52:14.2   +03:17.3    02 48 56.32   +16 14 37.8    1.008515   1903.1   289.0   -3.8  -23.3
  May 06    7879.5   14:56:10.7   +03:22.1    02 52 48.03   +16 31 36.7    1.008752   1902.6   275.8   -3.7  -23.1
  May 07    7880.5   15:00:07.3   +03:26.4    02 56 40.28   +16 48 19.0    1.008988   1902.2   262.6   -3.5  -22.9
  May 08    7881.5   15:04:03.8   +03:30.1    03 00 33.09   +17 04 44.4    1.009222   1901.7   249.4   -3.4  -22.7
  May 09    7882.5   15:08:00.4   +03:33.3    03 04 26.45   +17 20 52.7    1.009455   1901.3   236.1   -3.3  -22.4
  May 10    7883.5   15:11:56.9   +03:35.9    03 08 20.39   +17 36 43.5    1.009686   1900.9   222.9   -3.2  -22.2
  May 11    7884.5   15:15:53.5   +03:38.0    03 12 14.89   +17 52 16.6    1.009915   1900.4   209.7   -3.1  -22.0
  May 12    7885.5   15:19:50.0   +03:39.5    03 16 09.98   +18 07 31.8    1.010142   1900.0   196.5   -3.0  -21.7
  May 13    7886.5   15:23:46.6   +03:40.4    03 20 05.63   +18 22 28.6    1.010368   1899.6   183.2   -2.9  -21.5
  May 14    7887.5   15:27:43.2   +03:40.7    03 24 01.87   +18 37 06.9    1.010592   1899.1   170.0   -2.8  -21.2
  May 15    7888.5   15:31:39.7   +03:40.4    03 27 58.69   +18 51 26.4    1.010814   1898.7   156.8   -2.7  -20.9
  May 16    7889.5   15:35:36.3   +03:39.6    03 31 56.09   +19 05 26.8    1.011033   1898.3   143.6   -2.6  -20.6
  May 17    7890.5   15:39:32.8   +03:38.2    03 35 54.06   +19 19 07.9    1.011250   1897.9   130.3   -2.4  -20.4
  May 18    7891.5   15:43:29.4   +03:36.2    03 39 52.60   +19 32 29.3    1.011464   1897.5   117.1   -2.3  -20.1
  May 19    7892.5   15:47:25.9   +03:33.6    03 43 51.72   +19 45 30.8    1.011675   1897.1   103.9   -2.2  -19.8
  May 20    7893.5   15:51:22.5   +03:30.5    03 47 51.40   +19 58 12.2    1.011883   1896.7    90.7   -2.1  -19.5
  May 21    7894.5   15:55:19.0   +03:26.8    03 51 51.64   +20 10 33.2    1.012087   1896.3    77.4   -2.0  -19.2
  May 22    7895.5   15:59:15.6   +03:22.6    03 55 52.42   +20 22 33.5    1.012287   1896.0    64.2   -1.9  -18.8
  May 23    7896.5   16:03:12.2   +03:17.8    03 59 53.76   +20 34 13.0    1.012482   1895.6    51.0   -1.7  -18.5
  May 24    7897.5   16:07:08.7   +03:12.5    04 03 55.62   +20 45 31.2    1.012673   1895.2    37.7   -1.6  -18.2
  May 25    7898.5   16:11:05.3   +03:06.7    04 07 58.00   +20 56 28.2    1.012858   1894.9    24.5   -1.5  -17.9
  May 26    7899.5   16:15:01.8   +03:00.3    04 12 00.89   +21 07 03.5    1.013038   1894.6    11.3   -1.4  -17.5
  May 27    7900.5   16:18:58.4   +02:53.5    04 16 04.26   +21 17 16.9    1.013213   1894.2   358.1   -1.3  -17.2
  May 28    7901.5   16:22:54.9   +02:46.2    04 20 08.10   +21 27 08.3    1.013382   1893.9   344.8   -1.1  -16.8
  May 29    7902.5   16:26:51.5   +02:38.5    04 24 12.38   +21 36 37.4    1.013546   1893.6   331.6   -1.0  -16.5
  May 30    7903.5   16:30:48.0   +02:30.4    04 28 17.09   +21 45 44.0    1.013705   1893.3   318.4   -0.9  -16.1
  May 31    7904.5   16:34:44.6   +02:21.8    04 32 22.20   +21 54 27.8    1.013860   1893.0   305.1   -0.8  -15.7
  Jun 01    7905.5   16:38:41.2   +02:12.9    04 36 27.70   +22 02 48.8    1.014009   1892.7   291.9   -0.7  -15.4
  Jun 02    7906.5   16:42:37.7   +02:03.6    04 40 33.57   +22 10 46.5    1.014155   1892.5   278.7   -0.5  -15.0
  Jun 03    7907.5   16:46:34.3   +01:53.9    04 44 39.80   +22 18 21.1    1.014297   1892.2   265.4   -0.4  -14.6
  Jun 04    7908.5   16:50:30.8   +01:43.9    04 48 46.38   +22 25 32.1    1.014434   1892.0   252.2   -0.3  -14.2
  Jun 05    7909.5   16:54:27.4   +01:33.5    04 52 53.29   +22 32 19.6    1.014569   1891.7   239.0   -0.2  -13.8
  Jun 06    7910.5   16:58:23.9   +01:22.8    04 57 00.51   +22 38 43.3    1.014700   1891.5   225.7   -0.1  -13.4
  Jun 07    7911.5   17:02:20.5   +01:11.9    05 01 08.02   +22 44 43.2    1.014828   1891.2   212.5    0.1  -13.1
  Jun 08    7912.5   17:06:17.0   +01:00.6    05 05 15.82   +22 50 19.1    1.014952   1891.0   199.2    0.2  -12.7
  Jun 09    7913.5   17:10:13.6   +00:49.1    05 09 23.88   +22 55 30.9    1.015074   1890.8   186.0    0.3  -12.2
  Jun 10    7914.5   17:14:10.2   +00:37.4    05 13 32.19   +23 00 18.5    1.015192   1890.5   172.8    0.4  -11.8
  Jun 11    7915.5   17:18:06.7   +00:25.4    05 17 40.73   +23 04 41.8    1.015307   1890.3   159.5    0.5  -11.4
  Jun 12    7916.5   17:22:03.3   +00:13.2    05 21 49.47   +23 08 40.8    1.015419   1890.1   146.3    0.7  -11.0
  Jun 13    7917.5   17:25:59.8   +00:00.9    05 25 58.40   +23 12 15.2    1.015527   1889.9   133.1    0.8  -10.6
  Jun 14    7918.5   17:29:56.4   -00:11.7    05 30 07.50   +23 15 25.2    1.015633   1889.7   119.8    0.9  -10.2
  Jun 15    7919.5   17:33:52.9   -00:24.4    05 34 16.75   +23 18 10.6    1.015734   1889.5   106.6    1.0   -9.7
  Jun 16    7920.5   17:37:49.5   -00:37.2    05 38 26.13   +23 20 31.3    1.015832   1889.3    93.4    1.1   -9.3
  Jun 17    7921.5   17:41:46.0   -00:50.1    05 42 35.61   +23 22 27.3    1.015925   1889.2    80.1    1.3   -8.9
  Jun 18    7922.5   17:45:42.6   -01:03.2    05 46 45.19   +23 23 58.5    1.016014   1889.0    66.9    1.4   -8.4
  Jun 19    7923.5   17:49:39.1   -01:16.2    05 50 54.82   +23 25 05.0    1.016099   1888.9    53.6    1.5   -8.0
  Jun 20    7924.5   17:53:35.7   -01:29.4    05 55 04.50   +23 25 46.7    1.016178   1888.7    40.4    1.6   -7.6
  Jun 21    7925.5   17:57:32.3   -01:42.5    05 59 14.20   +23 26 03.6    1.016252   1888.6    27.2    1.7   -7.1
  Jun 22    7926.5   18:01:28.8   -01:55.6    06 03 23.89   +23 25 55.7    1.016320   1888.4    13.9    1.8   -6.7
  Jun 23    7927.5   18:05:25.4   -02:08.7    06 07 33.54   +23 25 23.0    1.016382   1888.3     0.7    2.0   -6.2
  Jun 24    7928.5   18:09:21.9   -02:21.8    06 11 43.13   +23 24 25.7    1.016437   1888.2   347.5    2.1   -5.8
  Jun 25    7929.5   18:13:18.5   -02:34.7    06 15 52.62   +23 23 03.6    1.016487   1888.1   334.2    2.2   -5.3
  Jun 26    7930.5   18:17:15.0   -02:47.5    06 20 01.98   +23 21 16.8    1.016530   1888.1   321.0    2.3   -4.9
  Jun 27    7931.5   18:21:11.6   -03:00.1    06 24 11.18   +23 19 05.4    1.016567   1888.0   307.8    2.4   -4.4
  Jun 28    7932.5   18:25:08.1   -03:12.6    06 28 20.20   +23 16 29.4    1.016598   1887.9   294.5    2.5   -4.0
  Jun 29    7933.5   18:29:04.7   -03:24.8    06 32 29.00   +23 13 28.9    1.016623   1887.9   281.3    2.6   -3.5
  Jun 30    7934.5   18:33:01.3   -03:36.8    06 36 37.57   +23 10 04.0    1.016643   1887.8   268.0    2.8   -3.1
  Jul 01    7935.5   18:36:57.8   -03:48.6    06 40 45.88   +23 06 14.7    1.016658   1887.8   254.8    2.9   -2.6
  Jul 02    7936.5   18:40:54.4   -04:00.1    06 44 53.91   +23 02 01.2    1.016668   1887.8   241.6    3.0   -2.2
  Jul 03    7937.5   18:44:50.9   -04:11.3    06 49 01.65   +22 57 23.5    1.016674   1887.8   228.3    3.1   -1.7
  Jul 04    7938.5   18:48:47.5   -04:22.1    06 53 09.07   +22 52 21.8    1.016676   1887.8   215.1    3.2   -1.3
  Jul 05    7939.5   18:52:44.0   -04:32.7    06 57 16.16   +22 46 56.2    1.016673   1887.8   201.9    3.3   -0.8
  Jul 06    7940.5   18:56:40.6   -04:42.9    07 01 22.90   +22 41 06.8    1.016666   1887.8   188.6    3.4   -0.4
  Jul 07    7941.5   19:00:37.1   -04:52.7    07 05 29.27   +22 34 53.9    1.016656   1887.8   175.4    3.5    0.1
  Jul 08    7942.5   19:04:33.7   -05:02.1    07 09 35.26   +22 28 17.5    1.016642   1887.8   162.2    3.6    0.5
  Jul 09    7943.5   19:08:30.3   -05:11.1    07 13 40.85   +22 21 17.8    1.016624   1887.9   148.9    3.7    1.0
  Jul 10    7944.5   19:12:26.8   -05:19.7    07 17 46.02   +22 13 55.0    1.016603   1887.9   135.7    3.8    1.4
  Jul 11    7945.5   19:16:23.4   -05:27.9    07 21 50.76   +22 06 09.2    1.016579   1888.0   122.5    3.9    1.9
  Jul 12    7946.5   19:20:19.9   -05:35.7    07 25 55.07   +21 58 00.7    1.016551   1888.0   109.2    4.0    2.3
  Jul 13    7947.5   19:24:16.5   -05:43.0    07 29 58.92   +21 49 29.6    1.016519   1888.1    96.0    4.1    2.8
  Jul 14    7948.5   19:28:13.0   -05:49.8    07 34 02.30   +21 40 36.0    1.016484   1888.1    82.8    4.2    3.2
  Jul 15    7949.5   19:32:09.6   -05:56.2    07 38 05.21   +21 31 20.3    1.016444   1888.2    69.5    4.3    3.7
  Jul 16    7950.5   19:36:06.1   -06:02.0    07 42 07.64   +21 21 42.5    1.016401   1888.3    56.3    4.4    4.1
  Jul 17    7951.5   19:40:02.7   -06:07.4    07 46 09.57   +21 11 42.9    1.016353   1888.4    43.1    4.5    4.6
  Jul 18    7952.5   19:43:59.3   -06:12.3    07 50 11.00   +21 01 21.8    1.016300   1888.5    29.8    4.6    5.0
  Jul 19    7953.5   19:47:55.8   -06:16.6    07 54 11.92   +20 50 39.2    1.016242   1888.6    16.6    4.7    5.4
  Jul 20    7954.5   19:51:52.4   -06:20.5    07 58 12.31   +20 39 35.6    1.016179   1888.7     3.4    4.8    5.9
  Jul 21    7955.5   19:55:48.9   -06:23.8    08 02 12.16   +20 28 11.0    1.016110   1888.8   350.1    4.9    6.3
  Jul 22    7956.5   19:59:45.5   -06:26.5    08 06 11.46   +20 16 25.9    1.016035   1889.0   336.9    5.0    6.7
  Jul 23    7957.5   20:03:42.0   -06:28.7    08 10 10.20   +20 04 20.4    1.015954   1889.1   323.7    5.1    7.2
  Jul 24    7958.5   20:07:38.6   -06:30.3    08 14 08.35   +19 51 54.9    1.015867   1889.3   310.4    5.1    7.6
  Jul 25    7959.5   20:11:35.1   -06:31.3    08 18 05.91   +19 39 09.5    1.015773   1889.5   297.2    5.2    8.0
  Jul 26    7960.5   20:15:31.7   -06:31.7    08 22 02.86   +19 26 04.6    1.015674   1889.6   284.0    5.3    8.4
  Jul 27    7961.5   20:19:28.3   -06:31.5    08 25 59.20   +19 12 40.3    1.015569   1889.8   270.8    5.4    8.8
  Jul 28    7962.5   20:23:24.8   -06:30.6    08 29 54.92   +18 58 57.1    1.015459   1890.0   257.5    5.5    9.2
  Jul 29    7963.5   20:27:21.4   -06:29.2    08 33 50.02   +18 44 55.1    1.015344   1890.3   244.3    5.6    9.7
  Jul 30    7964.5   20:31:17.9   -06:27.1    08 37 44.50   +18 30 34.7    1.015223   1890.5   231.1    5.6   10.1
  Jul 31    7965.5   20:35:14.5   -06:24.4    08 41 38.36   +18 15 56.0    1.015098   1890.7   217.8    5.7   10.5
  Aug 01    7966.5   20:39:11.0   -06:21.1    08 45 31.58   +18 00 59.5    1.014969   1891.0   204.6    5.8   10.9
  Aug 02    7967.5   20:43:07.6   -06:17.1    08 49 24.19   +17 45 45.4    1.014836   1891.2   191.4    5.9   11.3
  Aug 03    7968.5   20:47:04.1   -06:12.6    08 53 16.17   +17 30 14.0    1.014699   1891.5   178.2    5.9   11.6
  Aug 04    7969.5   20:51:00.7   -06:07.4    08 57 07.54   +17 14 25.6    1.014559   1891.7   164.9    6.0   12.0
  Aug 05    7970.5   20:54:57.3   -06:01.6    09 00 58.29   +16 58 20.5    1.014415   1892.0   151.7    6.1   12.4
  Aug 06    7971.5   20:58:53.8   -05:55.1    09 04 48.44   +16 41 58.9    1.014269   1892.3   138.5    6.1   12.8
  Aug 07    7972.5   21:02:50.4   -05:48.1    09 08 37.98   +16 25 21.2    1.014119   1892.5   125.3    6.2   13.2
  Aug 08    7973.5   21:06:46.9   -05:40.5    09 12 26.92   +16 08 27.8    1.013966   1892.8   112.1    6.3   13.5
  Aug 09    7974.5   21:10:43.5   -05:32.3    09 16 15.28   +15 51 18.7    1.013811   1893.1    98.8    6.3   13.9
  Aug 10    7975.5   21:14:40.0   -05:23.6    09 20 03.06   +15 33 54.5    1.013653   1893.4    85.6    6.4   14.3
  Aug 11    7976.5   21:18:36.6   -05:14.2    09 23 50.27   +15 16 15.2    1.013493   1893.7    72.4    6.4   14.6
  Aug 12    7977.5   21:22:33.1   -05:04.3    09 27 36.93   +14 58 21.3    1.013329   1894.0    59.2    6.5   15.0
  Aug 13    7978.5   21:26:29.7   -04:53.9    09 31 23.05   +14 40 13.0    1.013163   1894.3    45.9    6.5   15.3
  Aug 14    7979.5   21:30:26.3   -04:42.9    09 35 08.63   +14 21 50.7    1.012993   1894.6    32.7    6.6   15.7
  Aug 15    7980.5   21:34:22.8   -04:31.4    09 38 53.70   +14 03 14.5    1.012820   1895.0    19.5    6.6   16.0
  Aug 16    7981.5   21:38:19.4   -04:19.4    09 42 38.26   +13 44 24.9    1.012644   1895.3     6.3    6.7   16.4
  Aug 17    7982.5   21:42:15.9   -04:06.9    09 46 22.32   +13 25 22.1    1.012463   1895.6   353.1    6.7   16.7
  Aug 18    7983.5   21:46:12.5   -03:54.0    09 50 05.89   +13 06 06.5    1.012278   1896.0   339.9    6.8   17.0
  Aug 19    7984.5   21:50:09.0   -03:40.5    09 53 48.97   +12 46 38.4    1.012088   1896.3   326.6    6.8   17.3
  Aug 20    7985.5   21:54:05.6   -03:26.5    09 57 31.58   +12 26 58.1    1.011894   1896.7   313.4    6.9   17.7
  Aug 21    7986.5   21:58:02.1   -03:12.1    10 01 13.71   +12 07 06.0    1.011695   1897.1   300.2    6.9   18.0
  Aug 22    7987.5   22:01:58.7   -02:57.2    10 04 55.39   +11 47 02.3    1.011490   1897.5   287.0    6.9   18.3
  Aug 23    7988.5   22:05:55.2   -02:41.9    10 08 36.60   +11 26 47.6    1.011281   1897.8   273.8    7.0   18.6
  Aug 24    7989.5   22:09:51.8   -02:26.1    10 12 17.38   +11 06 21.9    1.011068   1898.2   260.6    7.0   18.9
  Aug 25    7990.5   22:13:48.4   -02:09.9    10 15 57.72   +10 45 45.7    1.010849   1898.7   247.4    7.0   19.2
  Aug 26    7991.5   22:17:44.9   -01:53.3    10 19 37.63   +10 24 59.4    1.010627   1899.1   234.1    7.1   19.5
  Aug 27    7992.5   22:21:41.5   -01:36.2    10 23 17.14   +10 04 03.1    1.010401   1899.5   220.9    7.1   19.7
  Aug 28    7993.5   22:25:38.0   -01:18.8    10 26 56.25   +09 42 57.4    1.010171   1899.9   207.7    7.1   20.0
  Aug 29    7994.5   22:29:34.6   -01:01.0    10 30 34.99   +09 21 42.4    1.009937   1900.4   194.5    7.1   20.3
  Aug 30    7995.5   22:33:31.1   -00:42.8    10 34 13.36   +09 00 18.5    1.009701   1900.8   181.3    7.2   20.6
  Aug 31    7996.5   22:37:27.7   -00:24.3    10 37 51.39   +08 38 46.1    1.009462   1901.3   168.1    7.2   20.8
  Sep 01    7997.5   22:41:24.2   -00:05.4    10 41 29.08   +08 17 05.5    1.009221   1901.7   154.9    7.2   21.1
  Sep 02    7998.5   22:45:20.8   +00:13.8    10 45 06.46   +07 55 17.0    1.008977   1902.2   141.7    7.2   21.3
  Sep 03    7999.5   22:49:17.4   +00:33.2    10 48 43.55   +07 33 20.9    1.008732   1902.6   128.5    7.2   21.6
  Sep 04    8000.5   22:53:13.9   +00:53.0    10 52 20.36   +07 11 17.5    1.008485   1903.1   115.2    7.2   21.8
  Sep 05    8001.5   22:57:10.5   +01:13.0    10 55 56.91   +06 49 07.2    1.008236   1903.6   102.0    7.2   22.0
  Sep 06    8002.5   23:01:07.0   +01:33.2    10 59 33.23   +06 26 50.2    1.007987   1904.1    88.8    7.2   22.3
  Sep 07    8003.5   23:05:03.6   +01:53.7    11 03 09.33   +06 04 27.0    1.007736   1904.5    75.6    7.2   22.5
  Sep 08    8004.5   23:09:00.1   +02:14.3    11 06 45.24   +05 41 57.6    1.007485   1905.0    62.4    7.2   22.7
  Sep 09    8005.5   23:12:56.7   +02:35.1    11 10 20.99   +05 19 22.6    1.007232   1905.5    49.2    7.2   22.9
  Sep 10    8006.5   23:16:53.2   +02:56.0    11 13 56.60   +04 56 42.1    1.006979   1906.0    36.0    7.2   23.1
  Sep 11    8007.5   23:20:49.8   +03:17.1    11 17 32.09   +04 33 56.5    1.006725   1906.4    22.8    7.2   23.3
  Sep 12    8008.5   23:24:46.4   +03:38.3    11 21 07.48   +04 11 06.1    1.006469   1906.9     9.6    7.2   23.5
  Sep 13    8009.5   23:28:42.9   +03:59.5    11 24 42.79   +03 48 11.1    1.006212   1907.4   356.4    7.2   23.7
  Sep 14    8010.5   23:32:39.5   +04:20.8    11 28 18.05   +03 25 12.0    1.005953   1907.9   343.2    7.2   23.9
  Sep 15    8011.5   23:36:36.0   +04:42.1    11 31 53.28   +03 02 09.1    1.005692   1908.4   330.0    7.2   24.1
  Sep 16    8012.5   23:40:32.6   +05:03.5    11 35 28.48   +02 39 02.6    1.005428   1908.9   316.8    7.2   24.2
  Sep 17    8013.5   23:44:29.1   +05:24.8    11 39 03.67   +02 15 53.0    1.005162   1909.4   303.6    7.2   24.4
  Sep 18    8014.5   23:48:25.7   +05:46.2    11 42 38.88   +01 52 40.6    1.004894   1909.9   290.4    7.2   24.5
  Sep 19    8015.5   23:52:22.2   +06:07.5    11 46 14.12   +01 29 25.8    1.004622   1910.4   277.2    7.1   24.7
  Sep 20    8016.5   23:56:18.8   +06:28.8    11 49 49.40   +01 06 08.8    1.004348   1910.9   264.0    7.1   24.8
  Sep 21    8017.5   00:00:15.4   +06:50.0    11 53 24.74   +00 42 50.1    1.004071   1911.5   250.8    7.1   25.0
  Sep 22    8018.5   00:04:11.9   +07:11.1    11 57 00.16   +00 19 30.0    1.003791   1912.0   237.6    7.1   25.1
  Sep 23    8019.5   00:08:08.5   +07:32.1    12 00 35.68   -00 03 51.2    1.003509   1912.5   224.4    7.0   25.2
  Sep 24    8020.5   00:12:05.0   +07:53.0    12 04 11.31   -00 27 13.1    1.003225   1913.1   211.2    7.0   25.3
  Sep 25    8021.5   00:16:01.6   +08:13.8    12 07 47.08   -00 50 35.3    1.002939   1913.6   198.0    7.0   25.4
  Sep 26    8022.5   00:19:58.1   +08:34.5    12 11 23.00   -01 13 57.5    1.002651   1914.2   184.8    6.9   25.5
  Sep 27    8023.5   00:23:54.7   +08:54.9    12 14 59.09   -01 37 19.4    1.002362   1914.7   171.6    6.9   25.6
  Sep 28    8024.5   00:27:51.2   +09:15.2    12 18 35.37   -02 00 40.5    1.002071   1915.3   158.4    6.9   25.7
  Sep 29    8025.5   00:31:47.8   +09:35.3    12 22 11.86   -02 24 00.6    1.001780   1915.8   145.2    6.8   25.8
  Sep 30    8026.5   00:35:44.4   +09:55.1    12 25 48.58   -02 47 19.2    1.001489   1916.4   132.0    6.8   25.9
  Oct 01    8027.5   00:39:40.9   +10:14.7    12 29 25.55   -03 10 36.0    1.001198   1917.0   118.8    6.7   26.0
  Oct 02    8028.5   00:43:37.5   +10:34.0    12 33 02.79   -03 33 50.7    1.000907   1917.5   105.6    6.7   26.0
  Oct 03    8029.5   00:47:34.0   +10:53.0    12 36 40.32   -03 57 02.8    1.000616   1918.1    92.4    6.6   26.1
  Oct 04    8030.5   00:51:30.6   +11:11.7    12 40 18.17   -04 20 12.2    1.000326   1918.6    79.2    6.6   26.1
  Oct 05    8031.5   00:55:27.1   +11:30.1    12 43 56.35   -04 43 18.4    1.000038   1919.2    66.0    6.5   26.2
  Oct 06    8032.5   00:59:23.7   +11:48.1    12 47 34.91   -05 06 21.0    0.999750   1919.7    52.8    6.5   26.2
  Oct 07    8033.5   01:03:20.2   +12:05.7    12 51 13.85   -05 29 19.8    0.999464   1920.3    39.6    6.4   26.2
  Oct 08    8034.5   01:07:16.8   +12:22.9    12 54 53.21   -05 52 14.4    0.999180   1920.8    26.4    6.3   26.2
  Oct 09    8035.5   01:11:13.4   +12:39.6    12 58 33.01   -06 15 04.5    0.998897   1921.4    13.3    6.3   26.3
  Oct 10    8036.5   01:15:09.9   +12:55.9    13 02 13.27   -06 37 49.8    0.998616   1921.9     0.1    6.2   26.3
  Oct 11    8037.5   01:19:06.5   +13:11.7    13 05 54.01   -07 00 29.8    0.998336   1922.5   346.9    6.2   26.3
  Oct 12    8038.5   01:23:03.0   +13:27.0    13 09 35.26   -07 23 04.2    0.998056   1923.0   333.7    6.1   26.3
  Oct 13    8039.5   01:26:59.6   +13:41.8    13 13 17.04   -07 45 32.8    0.997778   1923.5   320.5    6.0   26.2
  Oct 14    8040.5   01:30:56.1   +13:56.1    13 16 59.35   -08 07 54.9    0.997499   1924.1   307.3    5.9   26.2
  Oct 15    8041.5   01:34:52.7   +14:09.8    13 20 42.21   -08 30 10.4    0.997221   1924.6   294.1    5.9   26.2
  Oct 16    8042.5   01:38:49.2   +14:22.9    13 24 25.66   -08 52 18.8    0.996943   1925.1   280.9    5.8   26.1
  Oct 17    8043.5   01:42:45.8   +14:35.4    13 28 09.68   -09 14 19.6    0.996665   1925.7   267.7    5.7   26.1
  Oct 18    8044.5   01:46:42.4   +14:47.3    13 31 54.31   -09 36 12.6    0.996386   1926.2   254.5    5.6   26.0
  Oct 19    8045.5   01:50:38.9   +14:58.6    13 35 39.55   -09 57 57.3    0.996108   1926.8   241.3    5.6   26.0
  Oct 20    8046.5   01:54:35.5   +15:09.3    13 39 25.42   -10 19 33.3    0.995829   1927.3   228.2    5.5   25.9
  Oct 21    8047.5   01:58:32.0   +15:19.3    13 43 11.94   -10 41 00.2    0.995549   1927.8   215.0    5.4   25.8
  Oct 22    8048.5   02:02:28.6   +15:28.7    13 46 59.11   -11 02 17.6    0.995270   1928.4   201.8    5.3   25.7
  Oct 23    8049.5   02:06:25.1   +15:37.4    13 50 46.95   -11 23 25.1    0.994991   1928.9   188.6    5.2   25.6
  Oct 24    8050.5   02:10:21.7   +15:45.5    13 54 35.47   -11 44 22.2    0.994713   1929.5   175.4    5.1   25.5
  Oct 25    8051.5   02:14:18.2   +15:52.8    13 58 24.68   -12 05 08.7    0.994435   1930.0   162.2    5.1   25.4
  Oct 26    8052.5   02:18:14.8   +15:59.4    14 02 14.60   -12 25 44.0    0.994158   1930.5   149.0    5.0   25.3
  Oct 27    8053.5   02:22:11.3   +16:05.4    14 06 05.23   -12 46 07.8    0.993883   1931.1   135.8    4.9   25.2
  Oct 28    8054.5   02:26:07.9   +16:10.6    14 09 56.58   -13 06 19.6    0.993609   1931.6   122.6    4.8   25.1
  Oct 29    8055.5   02:30:04.5   +16:15.0    14 13 48.67   -13 26 19.0    0.993336   1932.1   109.5    4.7   24.9
  Oct 30    8056.5   02:34:01.0   +16:18.8    14 17 41.50   -13 46 05.6    0.993066   1932.7    96.3    4.6   24.8
  Oct 31    8057.5   02:37:57.6   +16:21.7    14 21 35.10   -14 05 39.0    0.992799   1933.2    83.1    4.5   24.6
  Nov 01    8058.5   02:41:54.1   +16:23.9    14 25 29.46   -14 24 58.9    0.992534   1933.7    69.9    4.4   24.5
  Nov 02    8059.5   02:45:50.7   +16:25.3    14 29 24.61   -14 44 04.8    0.992273   1934.2    56.7    4.3   24.3
  Nov 03    8060.5   02:49:47.2   +16:25.9    14 33 20.55   -15 02 56.2    0.992015   1934.7    43.5    4.2   24.1
  Nov 04    8061.5   02:53:43.8   +16:25.7    14 37 17.31   -15 21 32.9    0.991761   1935.2    30.3    4.1   23.9
  Nov 05    8062.5   02:57:40.3   +16:24.7    14 41 14.89   -15 39 54.5    0.991511   1935.7    17.2    4.0   23.7
  Nov 06    8063.5   03:01:36.9   +16:22.8    14 45 13.30   -15 58 00.6    0.991264   1936.2     4.0    3.9   23.5
  Nov 07    8064.5   03:05:33.5   +16:20.1    14 49 12.57   -16 15 50.8    0.991022   1936.6   350.8    3.8   23.3
  Nov 08    8065.5   03:09:30.0   +16:16.6    14 53 12.68   -16 33 24.7    0.990784   1937.1   337.6    3.6   23.1
  Nov 09    8066.5   03:13:26.6   +16:12.2    14 57 13.66   -16 50 42.0    0.990550   1937.6   324.4    3.5   22.9
  Nov 10    8067.5   03:17:23.1   +16:06.9    15 01 15.49   -17 07 42.1    0.990318   1938.0   311.2    3.4   22.6
  Nov 11    8068.5   03:21:19.7   +16:00.7    15 05 18.20   -17 24 24.9    0.990090   1938.5   298.0    3.3   22.4
  Nov 12    8069.5   03:25:16.2   +15:53.7    15 09 21.77   -17 40 49.7    0.989865   1938.9   284.9    3.2   22.1
  Nov 13    8070.5   03:29:12.8   +15:45.8    15 13 26.20   -17 56 56.3    0.989643   1939.3   271.7    3.1   21.9
  Nov 14    8071.5   03:33:09.3   +15:37.1    15 17 31.51   -18 12 44.2    0.989423   1939.8   258.5    3.0   21.6
  Nov 15    8072.5   03:37:05.9   +15:27.5    15 21 37.67   -18 28 13.1    0.989205   1940.2   245.3    2.9   21.4
  Nov 16    8073.5   03:41:02.5   +15:17.0    15 25 44.69   -18 43 22.5    0.988989   1940.6   232.1    2.7   21.1
  Nov 17    8074.5   03:44:59.0   +15:05.7    15 29 52.56   -18 58 12.0    0.988776   1941.0   219.0    2.6   20.8
  Nov 18    8075.5   03:48:55.6   +14:53.5    15 34 01.28   -19 12 41.3    0.988565   1941.5   205.8    2.5   20.5
  Nov 19    8076.5   03:52:52.1   +14:40.5    15 38 10.82   -19 26 50.0    0.988356   1941.9   192.6    2.4   20.2
  Nov 20    8077.5   03:56:48.7   +14:26.7    15 42 21.19   -19 40 37.6    0.988149   1942.3   179.4    2.3   19.9
  Nov 21    8078.5   04:00:45.2   +14:12.1    15 46 32.37   -19 54 03.9    0.987944   1942.7   166.2    2.1   19.6
  Nov 22    8079.5   04:04:41.8   +13:56.7    15 50 44.35   -20 07 08.4    0.987742   1943.1   153.0    2.0   19.2
  Nov 23    8080.5   04:08:38.3   +13:40.5    15 54 57.10   -20 19 50.7    0.987543   1943.5   139.9    1.9   18.9
  Nov 24    8081.5   04:12:34.9   +13:23.5    15 59 10.63   -20 32 10.6    0.987347   1943.9   126.7    1.8   18.6
  Nov 25    8082.5   04:16:31.5   +13:05.8    16 03 24.90   -20 44 07.6    0.987154   1944.2   113.5    1.6   18.2
  Nov 26    8083.5   04:20:28.0   +12:47.4    16 07 39.91   -20 55 41.3    0.986964   1944.6   100.3    1.5   17.9
  Nov 27    8084.5   04:24:24.6   +12:28.2    16 11 55.64   -21 06 51.6    0.986778   1945.0    87.1    1.4   17.5
  Nov 28    8085.5   04:28:21.1   +12:08.3    16 16 12.06   -21 17 38.0    0.986597   1945.3    74.0    1.3   17.2
  Nov 29    8086.5   04:32:17.7   +11:47.7    16 20 29.18   -21 28 00.1    0.986419   1945.7    60.8    1.1   16.8
  Nov 30    8087.5   04:36:14.2   +11:26.5    16 24 46.97   -21 37 57.8    0.986246   1946.0    47.6    1.0   16.4
  Dec 01    8088.5   04:40:10.8   +11:04.6    16 29 05.40   -21 47 30.7    0.986079   1946.4    34.4    0.9   16.0
  Dec 02    8089.5   04:44:07.3   +10:42.1    16 33 24.47   -21 56 38.5    0.985917   1946.7    21.2    0.8   15.7
  Dec 03    8090.5   04:48:03.9   +10:19.0    16 37 44.16   -22 05 21.1    0.985760   1947.0     8.1    0.6   15.3
  Dec 04    8091.5   04:52:00.5   +09:55.2    16 42 04.45   -22 13 38.0    0.985609   1947.3   354.9    0.5   14.9
  Dec 05    8092.5   04:55:57.0   +09:30.9    16 46 25.33   -22 21 29.2    0.985465   1947.6   341.7    0.4   14.5
  Dec 06    8093.5   04:59:53.6   +09:06.1    16 50 46.77   -22 28 54.3    0.985326   1947.8   328.5    0.2   14.0
  Dec 07    8094.5   05:03:50.1   +08:40.6    16 55 08.75   -22 35 53.2    0.985193   1948.1   315.4    0.1   13.6
  Dec 08    8095.5   05:07:46.7   +08:14.7    16 59 31.24   -22 42 25.6    0.985066   1948.4   302.2   -0.0   13.2
  Dec 09    8096.5   05:11:43.2   +07:48.3    17 03 54.22   -22 48 31.3    0.984943   1948.6   289.0   -0.1   12.8
  Dec 10    8097.5   05:15:39.8   +07:21.4    17 08 17.67   -22 54 10.2    0.984826   1948.8   275.8   -0.3   12.4
  Dec 11    8098.5   05:19:36.3   +06:54.1    17 12 41.54   -22 59 21.9    0.984714   1949.1   262.6   -0.4   11.9
  Dec 12    8099.5   05:23:32.9   +06:26.3    17 17 05.83   -23 04 06.4    0.984606   1949.3   249.5   -0.5   11.5
  Dec 13    8100.5   05:27:29.5   +05:58.2    17 21 30.50   -23 08 23.5    0.984502   1949.5   236.3   -0.6   11.0
  Dec 14    8101.5   05:31:26.0   +05:29.8    17 25 55.51   -23 12 13.0    0.984402   1949.7   223.1   -0.8   10.6
  Dec 15    8102.5   05:35:22.6   +05:01.0    17 30 20.83   -23 15 34.8    0.984306   1949.9   209.9   -0.9   10.1
  Dec 16    8103.5   05:39:19.1   +04:32.0    17 34 46.42   -23 18 28.8    0.984214   1950.0   196.8   -1.0    9.7
  Dec 17    8104.5   05:43:15.7   +04:02.7    17 39 12.25   -23 20 54.9    0.984126   1950.2   183.6   -1.2    9.2
  Dec 18    8105.5   05:47:12.2   +03:33.2    17 43 38.28   -23 22 53.0    0.984041   1950.4   170.4   -1.3    8.8
  Dec 19    8106.5   05:51:08.8   +03:03.6    17 48 04.47   -23 24 23.0    0.983960   1950.5   157.2   -1.4    8.3
  Dec 20    8107.5   05:55:05.3   +02:33.8    17 52 30.80   -23 25 24.8    0.983882   1950.7   144.1   -1.5    7.8
  Dec 21    8108.5   05:59:01.9   +02:04.0    17 56 57.20   -23 25 58.5    0.983809   1950.8   130.9   -1.7    7.4
  Dec 22    8109.5   06:02:58.5   +01:34.1    18 01 23.65   -23 26 03.9    0.983739   1951.0   117.7   -1.8    6.9
  Dec 23    8110.5   06:06:55.0   +01:04.2    18 05 50.11   -23 25 41.1    0.983673   1951.1   104.6   -1.9    6.4
  Dec 24    8111.5   06:10:51.6   +00:34.3    18 10 16.55   -23 24 50.0    0.983612   1951.2    91.4   -2.0    5.9
  Dec 25    8112.5   06:14:48.1   +00:04.5    18 14 42.92   -23 23 30.7    0.983554   1951.4    78.2   -2.2    5.5
  Dec 26    8113.5   06:18:44.7   -00:25.2    18 19 09.19   -23 21 43.1    0.983502   1951.5    65.0   -2.3    5.0
  Dec 27    8114.5   06:22:41.2   -00:54.8    18 23 35.33   -23 19 27.4    0.983454   1951.6    51.9   -2.4    4.5
  Dec 28    8115.5   06:26:37.8   -01:24.2    18 28 01.30   -23 16 43.5    0.983412   1951.6    38.7   -2.5    4.0
  Dec 29    8116.5   06:30:34.3   -01:53.4    18 32 27.07   -23 13 31.6    0.983375   1951.7    25.5   -2.6    3.5
  Dec 30    8117.5   06:34:30.9   -02:22.4    18 36 52.62   -23 09 51.8    0.983344   1951.8    12.4   -2.8    3.1
  Dec 31    8118.5   06:38:27.4   -02:51.2    18 41 17.90   -23 05 44.1    0.983319   1951.8   359.2   -2.9    2.6
