 Date Date          JD       GST           RADec                       Delta         RV         Diam    HelLat    HelLon    PAAxis
 JAN  1    13736.5     6:42: 1.6     18 45 20.30  -23 -1-54.8     0.983354     -0.024     1951.8     -3.0    236.3      2.1
 JAN  3    13738.5     6:49:54.7     18 54  9.83  -22-51-25.8     0.983333     -0.012     1951.8     -3.2    210.0      1.1
 JAN  5    13740.5     6:57:47.9     19  2 57.80  -22-39 -7.6     0.983327      0.003     1951.9     -3.5    183.6      0.2
 JAN  7    13742.5     7: 5:41.0     19 11 43.97  -22-25 -1.8     0.983340      0.019     1951.8     -3.7    157.3     -0.8
 JAN  9    13744.5     7:13:34.1     19 20 28.14  -22 -9-10.0     0.983373      0.038     1951.8     -3.9    131.0     -1.8
 JAN 11    13746.5     7:21:27.2     19 29 10.12  -21-51-34.3     0.983429      0.059     1951.7     -4.1    104.6     -2.7
 JAN 13    13748.5     7:29:20.3     19 37 49.73  -21-32-16.9     0.983509      0.080     1951.5     -4.3     78.3     -3.7
 JAN 15    13750.5     7:37:13.4     19 46 26.82  -21-11-19.8     0.983615      0.102     1951.3     -4.5     52.0     -4.6
 JAN 17    13752.5     7:45: 6.5     19 55  1.26  -20-48-45.3     0.983745      0.123     1951.0     -4.7     25.6     -5.5
 JAN 19    13754.5     7:52:59.6     20  3 32.93  -20-24-35.9     0.983899      0.143     1950.7     -4.9    359.3     -6.5
 JAN 21    13756.5     8: 0:52.7     20 12  1.74  -19-58-54.0     0.984075      0.162     1950.4     -5.1    332.9     -7.4
 JAN 23    13758.5     8: 8:45.9     20 20 27.60  -19-31-42.1     0.984273      0.180     1950.0     -5.3    306.6     -8.3
 JAN 25    13760.5     8:16:39.0     20 28 50.45  -19 -3 -3.1     0.984490      0.195     1949.6     -5.5    280.3     -9.2
 JAN 27    13762.5     8:24:32.1     20 37 10.21  -18-32-60.0     0.984722      0.208     1949.1     -5.6    253.9    -10.0
 JAN 29    13764.5     8:32:25.2     20 45 26.80  -18 -1-35.8     0.984969      0.219     1948.6     -5.8    227.6    -10.9
 JAN 31    13766.5     8:40:18.3     20 53 40.13  -17-28-53.9     0.985228      0.229     1948.1     -5.9    201.3    -11.7
 FEB  2    13768.5     8:48:11.4     21  1 50.14  -16-54-57.7     0.985498      0.240     1947.6     -6.1    175.0    -12.5
 FEB  4    13770.5     8:56: 4.5     21  9 56.82  -16-19-50.4     0.985782      0.252     1947.0     -6.2    148.6    -13.3
 FEB  6    13772.5     9: 3:57.6     21 18  0.18  -15-43-35.4     0.986082      0.267     1946.4     -6.3    122.3    -14.1
 FEB  8    13774.5     9:11:50.7     21 26  0.26  -15 -6-16.3     0.986399      0.283     1945.8     -6.5     96.0    -14.9
 FEB 10    13776.5     9:19:43.9     21 33 57.12  -14-27-56.4     0.986735      0.300     1945.1     -6.6     69.6    -15.6
 FEB 12    13778.5     9:27:37.0     21 41 50.82  -13-48-38.9     0.987092      0.317     1944.4     -6.7     43.3    -16.3
 FEB 14    13780.5     9:35:30.1     21 49 41.46  -13 -8-27.1     0.987468      0.335     1943.7     -6.8     16.9    -17.0
 FEB 16    13782.5     9:43:23.2     21 57 29.15  -12-27-24.0     0.987865      0.352     1942.9     -6.9    350.6    -17.7
 FEB 18    13784.5     9:51:16.3     22  5 14.02  -11-45-32.7     0.988280      0.367     1942.1     -6.9    324.3    -18.3
 FEB 20    13786.5     9:59: 9.4     22 12 56.18  -11 -2-56.5     0.988712      0.381     1941.2     -7.0    297.9    -19.0
 FEB 22    13788.5    10: 7: 2.5     22 20 35.78  -10-19-38.3     0.989159      0.393     1940.3     -7.1    271.6    -19.6
 FEB 24    13790.5    10:14:55.6     22 28 12.93   -9-35-41.5     0.989618      0.402     1939.4     -7.1    245.3    -20.1
 FEB 26    13792.5    10:22:48.7     22 35 47.74   -8-51 -9.4     0.990087      0.408     1938.5     -7.2    218.9    -20.7
 FEB 28    13794.5    10:30:41.8     22 43 20.30   -8 -6 -5.5     0.990561      0.413     1937.6     -7.2    192.6    -21.2
 MAR  2    13796.5    10:38:35.0     22 50 50.72   -7-20-33.1     0.991040      0.417     1936.7     -7.2    166.2    -21.7
 MAR  4    13798.5    10:46:28.1     22 58 19.13   -6-34-35.7     0.991525      0.422     1935.7     -7.2    139.9    -22.2
 MAR  6    13800.5    10:54:21.2     23  5 45.65   -5-48-16.6     0.992016      0.428     1934.8     -7.2    113.5    -22.7
 MAR  8    13802.5    11: 2:14.3     23 13 10.43   -5 -1-39.0     0.992515      0.436     1933.8     -7.2     87.2    -23.1
 MAR 10    13804.5    11:10: 7.4     23 20 33.62   -4-14-46.2     0.993024      0.446     1932.8     -7.2     60.8    -23.5
 MAR 12    13806.5    11:18: 0.5     23 27 55.39   -3-27-41.1     0.993545      0.455     1931.8     -7.2     34.5    -23.9
 MAR 14    13808.5    11:25:53.6     23 35 15.91   -2-40-26.5     0.994076      0.465     1930.8     -7.2      8.1    -24.2
 MAR 16    13810.5    11:33:46.7     23 42 35.37   -1-53 -5.3     0.994620      0.475     1929.7     -7.2    341.8    -24.6
 MAR 18    13812.5    11:41:39.8     23 49 53.96   -1 -5-40.3     0.995174      0.484     1928.6     -7.1    315.4    -24.9
 MAR 20    13814.5    11:49:33.0     23 57 11.88    0-18-14.0     0.995738      0.492     1927.5     -7.1    289.0    -25.1
 MAR 22    13816.5    11:57:26.1      0  4 29.32    0 29 10.7     0.996310      0.498     1926.4     -7.0    262.7    -25.4
 MAR 24    13818.5    12: 5:19.2      0 11 46.43    1 16 31.0     0.996887      0.501     1925.3     -6.9    236.3    -25.6
 MAR 26    13820.5    12:13:12.3      0 19  3.39    2  3 44.1     0.997465      0.501     1924.2     -6.8    209.9    -25.8
 MAR 28    13822.5    12:21: 5.4      0 26 20.31    2 50 46.8     0.998043      0.498     1923.1     -6.8    183.5    -25.9
 MAR 30    13824.5    12:28:58.5      0 33 37.35    3 37 36.1     0.998616      0.494     1922.0     -6.7    157.2    -26.1
 APR  1    13826.5    12:36:51.6      0 40 54.64    4 24  9.0     0.999185      0.490     1920.9     -6.6    130.8    -26.2
 APR  3    13828.5    12:44:44.7      0 48 12.31    5 10 22.5     0.999749      0.487     1919.8     -6.4    104.4    -26.2
 APR  5    13830.5    12:52:37.8      0 55 30.48    5 56 13.5     1.000311      0.486     1918.7     -6.3     78.0    -26.3
 APR  7    13832.5    13: 0:31.0      1  2 49.29    6 41 39.3     1.000871      0.485     1917.6     -6.2     51.6    -26.3
 APR  9    13834.5    13: 8:24.1      1 10  8.88    7 26 37.1     1.001432      0.486     1916.6     -6.1     25.2    -26.3
 APR 11    13836.5    13:16:17.2      1 17 29.41    8 11  4.2     1.001994      0.487     1915.5     -5.9    358.8    -26.2
 APR 13    13838.5    13:24:10.3      1 24 51.04    8 54 58.2     1.002557      0.488     1914.4     -5.8    332.4    -26.2
 APR 15    13840.5    13:32: 3.4      1 32 13.92    9 38 16.6     1.003122      0.490     1913.3     -5.6    306.0    -26.1
 APR 17    13842.5    13:39:56.5      1 39 38.22   10 20 56.9     1.003688      0.490     1912.3     -5.5    279.6    -25.9
 APR 19    13844.5    13:47:49.6      1 47  4.07   11  2 56.5     1.004254      0.489     1911.2     -5.3    253.2    -25.8
 APR 21    13846.5    13:55:42.7      1 54 31.61   11 44 13.1     1.004817      0.485     1910.1     -5.1    226.8    -25.6
 APR 23    13848.5    14: 3:35.8      2  2  0.95   12 24 43.8     1.005374      0.479     1909.1     -5.0    200.3    -25.3
 APR 25    13850.5    14:11:28.9      2  9 32.16   13  4 25.8     1.005922      0.470     1908.0     -4.8    173.9    -25.1
 APR 27    13852.5    14:19:22.1      2 17  5.35   13 43 16.4     1.006458      0.458     1907.0     -4.6    147.5    -24.8
 APR 29    13854.5    14:27:15.2      2 24 40.57   14 21 12.8     1.006981      0.446     1906.0     -4.4    121.1    -24.5
 MAY  1    13856.5    14:35: 8.3      2 32 17.86   14 58 12.3     1.007489      0.434     1905.0     -4.2     94.6    -24.2
 MAY  3    13858.5    14:43: 1.4      2 39 57.24   15 34 12.0     1.007984      0.423     1904.1     -4.0     68.2    -23.8
 MAY  5    13860.5    14:50:54.5      2 47 38.74   16  9  9.5     1.008468      0.414     1903.2     -3.8     41.8    -23.4
 MAY  7    13862.5    14:58:47.6      2 55 22.39   16 43  2.1     1.008941      0.406     1902.3     -3.6     15.3    -23.0
 MAY  9    13864.5    15: 6:40.7      3  3  8.24   17 15 47.5     1.009406      0.399     1901.4     -3.4    348.9    -22.5
 MAY 11    13866.5    15:14:33.8      3 10 56.31   17 47 23.5     1.009862      0.392     1900.6     -3.1    322.5    -22.1
 MAY 13    13868.5    15:22:26.9      3 18 46.65   18 17 47.8     1.010312      0.386     1899.7     -2.9    296.0    -21.6
 MAY 15    13870.5    15:30:20.1      3 26 39.28   18 46 58.4     1.010754      0.380     1898.9     -2.7    269.6    -21.0
 MAY 17    13872.5    15:38:13.2      3 34 34.21   19 14 53.1     1.011190      0.373     1898.1     -2.5    243.1    -20.5
 MAY 19    13874.5    15:46: 6.3      3 42 31.44   19 41 29.9     1.011616      0.364     1897.3     -2.2    216.6    -19.9
 MAY 21    13876.5    15:53:59.4      3 50 30.92   20  6 46.7     1.012030      0.353     1896.5     -2.0    190.2    -19.3
 MAY 23    13878.5    16: 1:52.5      3 58 32.62   20 30 41.1     1.012430      0.339     1895.7     -1.8    163.7    -18.6
 MAY 25    13880.5    16: 9:45.6      4  6 36.48   20 53 11.2     1.012811      0.322     1895.0     -1.5    137.3    -18.0
 MAY 27    13882.5    16:17:38.7      4 14 42.39   21 14 14.9     1.013173      0.304     1894.4     -1.3    110.8    -17.3
 MAY 29    13884.5    16:25:31.8      4 22 50.21   21 33 50.5     1.013513      0.286     1893.7     -1.0     84.3    -16.6
 MAY 31    13886.5    16:33:24.9      4 30 59.80   21 51 56.3     1.013833      0.268     1893.1     -0.8     57.9    -15.9
 JUN  2    13888.5    16:41:18.1      4 39 11.00   22  8 30.4     1.014134      0.252     1892.6     -0.6     31.4    -15.1
 JUN  4    13890.5    16:49:11.2      4 47 23.66   22 23 31.7     1.014416      0.237     1892.0     -0.3      4.9    -14.4
 JUN  6    13892.5    16:57: 4.3      4 55 37.65   22 36 58.7     1.014681      0.223     1891.5     -0.1    338.5    -13.6
 JUN  8    13894.5    17: 4:57.4      5  3 52.83   22 48 50.4     1.014932      0.211     1891.1      0.2    312.0    -12.8
 JUN 10    13896.5    17:12:50.5      5 12  9.05   22 59  6.0     1.015169      0.200     1890.6      0.4    285.5    -12.0
 JUN 12    13898.5    17:20:43.6      5 20 26.19   23  7 44.7     1.015393      0.189     1890.2      0.6    259.1    -11.1
 JUN 14    13900.5    17:28:36.7      5 28 44.09   23 14 45.8     1.015606      0.179     1889.8      0.9    232.6    -10.3
 JUN 16    13902.5    17:36:29.8      5 37  2.60   23 20  8.9     1.015806      0.167     1889.4      1.1    206.1     -9.4
 JUN 18    13904.5    17:44:22.9      5 45 21.56   23 23 53.3     1.015991      0.153     1889.1      1.4    179.6     -8.6
 JUN 20    13906.5    17:52:16.1      5 53 40.81   23 25 58.5     1.016158      0.136     1888.8      1.6    153.2     -7.7
 JUN 22    13908.5    18: 0: 9.2      6  2  0.17   23 26 24.4     1.016305      0.118     1888.5      1.8    126.7     -6.8
 JUN 24    13910.5    18: 8: 2.3      6 10 19.43   23 25 10.9     1.016429      0.097     1888.3      2.1    100.2     -5.9
 JUN 26    13912.5    18:15:55.4      6 18 38.37   23 22 18.3     1.016529      0.076     1888.1      2.3     73.7     -5.0
 JUN 28    13914.5    18:23:48.5      6 26 56.74   23 17 47.0     1.016605      0.055     1888.0      2.5     47.3     -4.1
 JUN 30    13916.5    18:31:41.6      6 35 14.33   23 11 37.4     1.016658      0.035     1887.9      2.7     20.8     -3.2
 JUL  2    13918.5    18:39:34.7      6 43 30.94   23  3 50.3     1.016688      0.017     1887.8      3.0    354.3     -2.3
 JUL  4    13920.5    18:47:27.8      6 51 46.38   22 54 26.4     1.016697      0.000     1887.8      3.2    327.9     -1.4
 JUL  6    13922.5    18:55:20.9      7  0  0.51   22 43 26.9     1.016688     -0.016     1887.8      3.4    301.4     -0.5
 JUL  8    13924.5    19: 3:14.0      7  8 13.17   22 30 52.9     1.016662     -0.029     1887.9      3.6    274.9      0.4
 JUL 10    13926.5    19:11: 7.2      7 16 24.23   22 16 45.7     1.016620     -0.042     1887.9      3.8    248.4      1.3
 JUL 12    13928.5    19:19: 0.3      7 24 33.58   22  1  6.8     1.016566     -0.053     1888.0      4.0    222.0      2.2
 JUL 14    13930.5    19:26:53.4      7 32 41.11   21 43 57.4     1.016498     -0.064     1888.2      4.2    195.5      3.1
 JUL 16    13932.5    19:34:46.5      7 40 46.74   21 25 18.9     1.016416     -0.078     1888.3      4.4    169.0      4.0
 JUL 18    13934.5    19:42:39.6      7 48 50.40   21  5 12.8     1.016318     -0.093     1888.5      4.6    142.6      4.9
 JUL 20    13936.5    19:50:32.7      7 56 52.02   20 43 40.8     1.016201     -0.110     1888.7      4.8    116.1      5.7
 JUL 22    13938.5    19:58:25.8      8  4 51.50   20 20 44.7     1.016063     -0.130     1889.0      5.0     89.7      6.6
 JUL 24    13940.5    20: 6:18.9      8 12 48.75   19 56 26.5     1.015901     -0.150     1889.3      5.1     63.2      7.5
 JUL 26    13942.5    20:14:12.0      8 20 43.66   19 30 48.6     1.015717     -0.170     1889.6      5.3     36.7      8.3
 JUL 28    13944.5    20:22: 5.2      8 28 36.16   19  3 52.9     1.015509     -0.189     1890.0      5.5     10.3      9.1
 JUL 30    13946.5    20:29:58.3      8 36 26.20   18 35 41.9     1.015280     -0.208     1890.4      5.6    343.8      9.9
 AUG  1    13948.5    20:37:51.4      8 44 13.76   18  6 17.8     1.015029     -0.225     1890.9      5.8    317.4     10.7
 AUG  3    13950.5    20:45:44.5      8 51 58.82   17 35 43.0     1.014760     -0.240     1891.4      5.9    290.9     11.5
 AUG  5    13952.5    20:53:37.6      8 59 41.40   17  3 60.0     1.014475     -0.253     1891.9      6.0    264.5     12.3
 AUG  7    13954.5    21: 1:30.7      9  7 21.52   16 31 11.1     1.014176     -0.264     1892.5      6.2    238.0     13.1
 AUG  9    13956.5    21: 9:23.8      9 14 59.23   15 57 18.8     1.013865     -0.273     1893.1      6.3    211.6     13.8
 AUG 11    13958.5    21:17:16.9      9 22 34.59   15 22 25.4     1.013544     -0.282     1893.7      6.4    185.1     14.5
 AUG 13    13960.5    21:25:10.0      9 30  7.69   14 46 33.0     1.013214     -0.291     1894.3      6.5    158.7     15.2
 AUG 15    13962.5    21:33: 3.2      9 37 38.65   14  9 43.6     1.012872     -0.302     1894.9      6.6    132.3     15.9
 AUG 17    13964.5    21:40:56.3      9 45  7.56   13 31 59.8     1.012516     -0.314     1895.6      6.7    105.8     16.6
 AUG 19    13966.5    21:48:49.4      9 52 34.48   12 53 24.0     1.012145     -0.329     1896.3      6.8     79.4     17.3
 AUG 21    13968.5    21:56:42.5      9 59 59.49   12 13 58.8     1.011757     -0.344     1897.0      6.9     53.0     17.9
 AUG 23    13970.5    22: 4:35.6     10  7 22.65   11 33 47.0     1.011350     -0.360     1897.8      7.0     26.5     18.5
 AUG 25    13972.5    22:12:28.7     10 14 44.03   10 52 51.2     1.010925     -0.376     1898.6      7.0      0.1     19.1
 AUG 27    13974.5    22:20:21.8     10 22  3.74   10 11 14.1     1.010482     -0.390     1899.4      7.1    333.7     19.7
 AUG 29    13976.5    22:28:14.9     10 29 21.87    9 28 58.4     1.010023     -0.404     1900.3      7.1    307.3     20.2
 AUG 31    13978.5    22:36: 8.0     10 36 38.55    8 46  6.8     1.009550     -0.416     1901.1      7.2    280.8     20.8
 SEP  2    13980.5    22:44: 1.1     10 43 53.89    8  2 42.0     1.009064     -0.425     1902.1      7.2    254.4     21.3
 SEP  4    13982.5    22:51:54.3     10 51  8.01    7 18 46.7     1.008568     -0.432     1903.0      7.2    228.0     21.8
 SEP  6    13984.5    22:59:47.4     10 58 21.07    6 34 23.4     1.008066     -0.437     1903.9      7.2    201.6     22.2
 SEP  8    13986.5    23: 7:40.5     11  5 33.21    5 49 34.7     1.007560     -0.439     1904.9      7.2    175.2     22.7
 SEP 10    13988.5    23:15:33.6     11 12 44.63    5  4 22.7     1.007051     -0.442     1905.9      7.2    148.8     23.1
 SEP 12    13990.5    23:23:26.7     11 19 55.54    4 18 49.7     1.006539     -0.445     1906.8      7.2    122.4     23.5
 SEP 14    13992.5    23:31:19.8     11 27  6.11    3 32 58.1     1.006022     -0.450     1907.8      7.2     95.9     23.8
 SEP 16    13994.5    23:39:12.9     11 34 16.49    2 46 50.4     1.005499     -0.457     1908.8      7.2     69.5     24.2
 SEP 18    13996.5    23:47: 6.0     11 41 26.82    2  0 29.5     1.004967     -0.465     1909.8      7.2     43.1     24.5
 SEP 20    13998.5    23:54:59.1     11 48 37.26    1 13 58.2     1.004425     -0.473     1910.9      7.1     16.7     24.8
 SEP 22    14000.5     0: 2:52.3     11 55 47.93    0 27 19.3     1.003874     -0.482     1911.9      7.1    350.3     25.1
 SEP 24    14002.5     0:10:45.4     12  2 59.00    0-19-24.4     1.003313     -0.490     1913.0      7.0    323.9     25.3
 SEP 26    14004.5     0:18:38.5     12 10 10.60   -1 -6-10.0     1.002743     -0.497     1914.1      6.9    297.5     25.5
 SEP 28    14006.5     0:26:31.6     12 17 22.89   -1-52-54.5     1.002165     -0.503     1915.2      6.9    271.1     25.7
 SEP 30    14008.5     0:34:24.7     12 24 36.01   -2-39-35.1     1.001582     -0.506     1916.3      6.8    244.8     25.9
 OCT  2    14010.5     0:42:17.8     12 31 50.11   -3-26 -8.9     1.000997     -0.507     1917.4      6.7    218.4     26.0
 OCT  4    14012.5     0:50:10.9     12 39  5.33   -4-12-32.9     1.000411     -0.506     1918.5      6.6    192.0     26.1
 OCT  6    14014.5     0:58: 4.0     12 46 21.85   -4-58-44.4     0.999830     -0.501     1919.6      6.5    165.6     26.2
 OCT  8    14016.5     1: 5:57.1     12 53 39.87   -5-44-40.9     0.999254     -0.495     1920.7      6.4    139.2     26.3
 OCT 10    14018.5     1:13:50.3     13  0 59.60   -6-30-19.8     0.998685     -0.490     1921.8      6.2    112.8     26.3
 OCT 12    14020.5     1:21:43.4     13  8 21.23   -7-15-38.6     0.998122     -0.485     1922.9      6.1     86.4     26.3
 OCT 14    14022.5     1:29:36.5     13 15 44.90   -8  0-34.2     0.997563     -0.483     1924.0      6.0     60.0     26.2
 OCT 16    14024.5     1:37:29.6     13 23 10.78   -8-45 -3.6     0.997007     -0.481     1925.1      5.8     33.7     26.2
 OCT 18    14026.5     1:45:22.7     13 30 38.98   -9-29 -3.6     0.996451     -0.480     1926.1      5.7      7.3     26.1
 OCT 20    14028.5     1:53:15.8     13 38  9.64  -10-12-31.0     0.995897     -0.480     1927.2      5.5    340.9     25.9
 OCT 22    14030.5     2: 1: 8.9     13 45 42.88  -10-55-22.6     0.995342     -0.480     1928.3      5.3    314.5     25.8
 OCT 24    14032.5     2: 9: 2.0     13 53 18.81  -11-37-35.1     0.994788     -0.479     1929.4      5.2    288.1     25.6
 OCT 26    14034.5     2:16:55.1     14  0 57.53  -12-19 -5.1     0.994235     -0.478     1930.4      5.0    261.8     25.4
 OCT 28    14036.5     2:24:48.2     14  8 39.11  -12-59-49.5     0.993685     -0.474     1931.5      4.8    235.4     25.1
 OCT 30    14038.5     2:32:41.4     14 16 23.63  -13-39-44.7     0.993140     -0.469     1932.6      4.6    209.0     24.8
 NOV  1    14040.5     2:40:34.5     14 24 11.16  -14-18-47.6     0.992603     -0.460     1933.6      4.4    182.6     24.5
 NOV  3    14042.5     2:48:27.6     14 32  1.79  -14-56-54.9     0.992078     -0.449     1934.6      4.2    156.3     24.2
 NOV  5    14044.5     2:56:20.7     14 39 55.61  -15-34 -3.6     0.991567     -0.436     1935.6      4.0    129.9     23.8
 NOV  7    14046.5     3: 4:13.8     14 47 52.74  -16-10-10.8     0.991072     -0.422     1936.6      3.8    103.5     23.4
 NOV  9    14048.5     3:12: 6.9     14 55 53.26  -16-45-13.7     0.990593     -0.408     1937.5      3.6     77.2     23.0
 NOV 11    14050.5     3:20: 0.0     15  3 57.21  -17-19 -8.9     0.990129     -0.396     1938.4      3.3     50.8     22.5
 NOV 13    14052.5     3:27:53.1     15 12  4.61  -17-51-53.3     0.989678     -0.385     1939.3      3.1     24.4     22.0
 NOV 15    14054.5     3:35:46.2     15 20 15.47  -18-23-23.5     0.989239     -0.375     1940.2      2.9    358.1     21.5
 NOV 17    14056.5     3:43:39.4     15 28 29.77  -18-53-36.4     0.988812     -0.366     1941.0      2.6    331.7     20.9
 NOV 19    14058.5     3:51:32.5     15 36 47.47  -19-22-28.7     0.988394     -0.358     1941.9      2.4    305.3     20.3
 NOV 21    14060.5     3:59:25.6     15 45  8.52  -19-49-57.3     0.987985     -0.350     1942.7      2.2    279.0     19.7
 NOV 23    14062.5     4: 7:18.7     15 53 32.82  -20-15-59.3     0.987586     -0.342     1943.4      1.9    252.6     19.0
 NOV 25    14064.5     4:15:11.8     16  2  0.23  -20-40-31.6     0.987196     -0.332     1944.2      1.7    226.2     18.4
 NOV 27    14066.5     4:23: 4.9     16 10 30.61  -21 -3-31.5     0.986819     -0.321     1944.9      1.4    199.9     17.7
 NOV 29    14068.5     4:30:58.0     16 19  3.81  -21-24-56.1     0.986456     -0.307     1945.7      1.2    173.5     16.9
 DEC  1    14070.5     4:38:51.1     16 27 39.69  -21-44-43.2     0.986110     -0.291     1946.3      0.9    147.2     16.2
 DEC  3    14072.5     4:46:44.2     16 36 18.12  -22 -2-50.4     0.985784     -0.272     1947.0      0.7    120.8     15.4
 DEC  5    14074.5     4:54:37.4     16 44 58.97  -22-19-15.8     0.985481     -0.252     1947.6      0.4     94.5     14.6
 DEC  7    14076.5     5: 2:30.5     16 53 42.06  -22-33-57.6     0.985202     -0.232     1948.1      0.1     68.1     13.8
 DEC  9    14078.5     5:10:23.6     17  2 27.23  -22-46-53.9     0.984945     -0.212     1948.6     -0.1     41.7     12.9
 DEC 11    14080.5     5:18:16.7     17 11 14.27  -22-58 -3.0     0.984711     -0.194     1949.1     -0.4     15.4     12.1
 DEC 13    14082.5     5:26: 9.8     17 20  2.95  -23 -7-23.2     0.984496     -0.178     1949.5     -0.6    349.0     11.2
 DEC 15    14084.5     5:34: 2.9     17 28 53.05  -23-14-53.3     0.984300     -0.162     1949.9     -0.9    322.7     10.3
 DEC 17    14086.5     5:41:56.0     17 37 44.32  -23-20-32.0     0.984121     -0.148     1950.3     -1.1    296.3      9.4
 DEC 19    14088.5     5:49:49.1     17 46 36.47  -23-24-18.6     0.983957     -0.135     1950.6     -1.4    270.0      8.4
 DEC 21    14090.5     5:57:42.2     17 55 29.22  -23-26-12.5     0.983808     -0.123     1950.9     -1.6    243.6      7.5
 DEC 23    14092.5     6: 5:35.3     18  4 22.23  -23-26-13.3     0.983674     -0.110     1951.2     -1.9    217.3      6.6
 DEC 25    14094.5     6:13:28.5     18 13 15.20  -23-24-21.0     0.983554     -0.096     1951.4     -2.1    191.0      5.6
 DEC 27    14096.5     6:21:21.6     18 22  7.80  -23-20-35.7     0.983452     -0.081     1951.6     -2.4    164.6      4.7
 DEC 29    14098.5     6:29:14.7     18 30 59.77  -23-14-57.9     0.983368     -0.063     1951.8     -2.6    138.3      3.7
 DEC 31    14100.5     6:37: 7.8     18 39 50.86  -23 -7-28.4     0.983307     -0.042     1951.9     -2.9    111.9      2.7
